%YAML:1.0
---
LeftCamera:
   fx: 2.3990044717489191e+03
   fy: 2.3989776508538653e+03
   cx: 6.5785792335176927e+02
   cy: 5.1850058398358237e+02
   k1: -4.5097246760472991e-02
   k2: 3.2590172386836858e-01
   p1: -2.0362556470803102e-03
   p2: 1.0158542372237587e-03
RightCamera:
   fx: 2.4057592568522846e+03
   fy: 2.4059689215416452e+03
   cx: 6.2344920228006254e+02
   cy: 5.2106682944217766e+02
   k1: -5.3191796522813722e-02
   k2: 4.4636346720136738e-01
   p1: -2.7609448976548471e-03
   p2: -1.7964195704160072e-03
Left2Right:
   rotate:
      - -6.3938182014259062e-04
      - 3.1086222040742889e-01
      - -5.9155679169830520e-02
   translate:
      - -3.1045708157768252e+02
      - 9.9301911990514196e+00
      - 4.8543190855094288e+01
